#    time[fs]         Re(autocorrel)     Im(autocorrel)     Abs(autocorrel)
     0.00000000      -0.00000000000000   0.00000000000000   0.00000000000000
    0.200000000E-02  -0.01359514116382  -0.08146192806962   0.08258858025226
    0.400000000E-02  -0.05345547279740  -0.15569170217146   0.16461286005972
    0.600000000E-02  -0.11686298633236  -0.21591523240105   0.24551241344852
    0.800000000E-02  -0.19947503191801  -0.25624637287605   0.32473449458107
    0.100000000E-01  -0.29559330052784  -0.27206225617670   0.40173781319774
    0.120000000E-01  -0.39851701388323  -0.26030100172986   0.47599624143051
    0.140000000E-01  -0.50095868299537  -0.21966344514436   0.54700240511459
    0.160000000E-01  -0.59549694410878  -0.15070645964926   0.61427115138423
    0.180000000E-01  -0.67503870423433  -0.05582206013907   0.67734286341005
    0.200000000E-01  -0.73326225606522   0.06089652266383   0.73578660129307
    0.220000000E-01  -0.76501417425780   0.19389368379365   0.78920304575591
    0.240000000E-01  -0.76663563288420   0.33648066264177   0.83722722718483
    0.260000000E-01  -0.73619809156374   0.48123505832912   0.87953101786527
    0.280000000E-01  -0.67363384659177   0.62044625733856   0.91582537501395
    0.300000000E-01  -0.58075336826094   0.74657956417919   0.94586231577139
    0.320000000E-01  -0.46114827358136   0.85273068108250   0.96943661200023
    0.340000000E-01  -0.31998577803779   0.93304276035316   0.98638719111406
    0.360000000E-01  -0.16370711343036   0.98306054185804   0.99659823798054
    0.380000000E-01   0.00035173035481   0.99999992281522   0.99999998467234
    0.400000000E-01   0.16439382524886   0.98291648586539   0.99656918875004
    0.420000000E-01   0.32062323579337   0.93276267643015   0.98632929079073
    0.440000000E-01   0.46170688958461   0.85233013953277   0.96935025591674
    0.460000000E-01   0.58120821878426   0.74608073551466   0.94574809409719
    0.480000000E-01   0.67396613400169   0.61987657076807   0.91568406820714
    0.500000000E-01   0.73639623353853   0.48062554421848   0.87936359176682
    0.520000000E-01   0.76669591110093   0.33586407949907   0.83703482603572
    0.540000000E-01   0.76494090428736   0.19330254353983   0.78898698366382
    0.560000000E-01   0.73306746910266   0.06036113588802   0.73554835393893
    0.580000000E-01   0.67474135952839  -0.05627539881022   0.67708405886527
    0.600000000E-01   0.59512171978070  -0.15105703661273   0.61399355832529
    0.620000000E-01   0.50053442119229  -0.21989734790799   0.54670792057118
    0.640000000E-01   0.39807491478201  -0.26041191880349   0.47568687729810
    0.660000000E-01   0.29516497695995  -0.27205180920184   0.40141568294445
    0.680000000E-01   0.19909054295801  -0.25612395957426   0.32440179864377
    0.700000000E-01   0.11654897147876  -0.21569739253549   0.24517142553602
    0.720000000E-01   0.05323350143859  -0.15540103921760   0.16426590840866
    0.740000000E-01   0.01348037309931  -0.08112567003316   0.08223803741108
    0.760000000E-01   0.00000024763581   0.00035172881188   0.00035172889905
    0.780000000E-01   0.01371038467483   0.08179803377065   0.08293909196921
    0.800000000E-01   0.05367786520693   0.15598209053543   0.16495977018951
    0.820000000E-01   0.11717733777008   0.21613269751563   0.24585335348998
    0.840000000E-01   0.19985975142556   0.25636833039309   0.32506713317164
    0.860000000E-01   0.29602173093106   0.27207219641960   0.40205987768989
    0.880000000E-01   0.39895908604729   0.26018955916966   0.47630553118832
    0.900000000E-01   0.50138278280899   0.21942903171342   0.54729680691191
    0.920000000E-01   0.59587187851665   0.15035541974423   0.61454865377236
    0.940000000E-01   0.67533564661434   0.05536833650954   0.67760157044966
    0.960000000E-01   0.73345655077454  -0.06143219022457   0.73602474541952
    0.980000000E-01   0.76508689006782  -0.19448498069766   0.78941899968940
    0.100000000       0.76657477002563  -0.33709726548654   0.83741951520032
    0.102000000       0.73599936796757  -0.48184445168776   0.87969832628631
    0.104000000       0.67330101493095  -0.62101568740188   0.91596656091054
    0.106000000       0.58029804317353  -0.74707801327621   0.94597641452193
    0.108000000       0.46058928070315  -0.85313073967164   0.96952284370783
    0.110000000       0.31934806343748  -0.93332228453635   0.98644496675356
    0.112000000       0.16302028024552  -0.98320399182948   0.99662716264446
    0.114000000      -0.00105517008375  -0.99999930424879   0.99999986094098
    0.116000000      -0.16508037497474  -0.98277183314160   0.99654001736924
    0.118000000      -0.32126040016486  -0.93248205117776   0.98627127124477
    0.120000000      -0.46226509800960  -0.85192914191338   0.96926378436372
    0.122000000      -0.58166257159411  -0.74558156078030   0.94563376154253
    0.124000000      -0.67429786272689  -0.61930666611763   0.91554265568339
    0.126000000      -0.73659378843882  -0.48001595035603   0.87919606559792
    0.128000000      -0.76675560800949  -0.33524755623621   0.83684233065515
    0.130000000      -0.76486709319631  -0.19271159634942   0.78877083466753
    0.132000000      -0.73287221239326  -0.05982606138109   0.73531002802801
    0.134000000      -0.67444364262200   0.05672832709790   0.67682518434863
    0.136000000      -0.59474624065033   0.15140713263206   0.61371590380205
    0.138000000      -0.50011003476853   0.22013073063990   0.54641338329898
    0.140000000      -0.39763282592120   0.26052231089211   0.47537746972552
    0.142000000      -0.29473679527612   0.27204086591026   0.40109351928801
    0.144000000      -0.19870631595156   0.25600111051599   0.32406907995744
    0.146000000      -0.11623531975879   0.21547920419606   0.24483042498921
    0.148000000      -0.05301196728799   0.15511013962753   0.16391895586238
    0.150000000      -0.01336608679712   0.08078929988638   0.08188750364005
    0.152000000      -0.00000098977265  -0.00070344803529   0.00070344873161
    0.154000000      -0.01382610499914  -0.08213400910878   0.08328959497877
    0.156000000      -0.05390068499588  -0.15627222558288   0.16530666148601
    0.158000000      -0.11749203846895  -0.21634980012752   0.24619426296891
    0.160000000      -0.20024471624862  -0.25648984161548   0.32539973146489
    0.162000000      -0.29645028480810  -0.27208163475460   0.40238189240265
    0.164000000      -0.39940114912328  -0.26007759112974   0.47661476197118
    0.166000000      -0.50180673864965  -0.21919410317554   0.54759114110906
    0.168000000      -0.59624653989724  -0.15000390835007   0.61482608017205
    0.170000000      -0.67563220103833  -0.05491421610286   0.67786019370523
    0.172000000      -0.73365036367150   0.06196815363286   0.73626279831321
    0.174000000      -0.76515905781369   0.19507645177320   0.78963485598773
    0.176000000      -0.76651332419651   0.33771390753532   0.83761169972342
    0.178000000      -0.73580006043838   0.48245374375890   0.87986552598002
    0.180000000      -0.67296763210248   0.62158487920213   0.91610763336539
    0.182000000      -0.57984223237674   0.74757609862615   0.94609039614867
    0.184000000      -0.46002989611900   0.85353032830051   0.96960895553416
    0.186000000      -0.31871007460763   0.93360125775746   0.98650262044391
    0.188000000      -0.16233330615709   0.98334684034571   0.99665596406473
    0.190000000       0.00175860875604   0.99999806707338   0.99999961342755
    0.192000000       0.16576678211828   0.98262657931054   0.99651072268260
    0.194000000       0.32189728856085   0.93220087573592   0.98621312965588
    0.196000000       0.46282291359451   0.85152767549801   0.96917719302879
    0.198000000       0.58211643760110   0.74508202384871   0.94551931190637
    0.200000000       0.67462903979877   0.61873652493286   0.91540112990197
