#    Start: ------ Host: "federico-X510UQR" ----------Fri Jul 21 13:16:54 2023

#    Time[fs]   CPU-time[s]     Delta-CPU    Real time        RealT[s]     [h]
#        0.00           0.1                  Jul 21 13:16:55         0     0.00
         0.00           0.1         0.000    Jul 21 13:16:55         0     0.00
         0.00           0.1         0.000    Jul 21 13:16:55         0     0.00
         0.00           0.1         0.000    Jul 21 13:16:55         0     0.00
         0.00           0.1         0.010    Jul 21 13:16:55         0     0.00
         0.01           0.1         0.010    Jul 21 13:16:55         0     0.00
         0.01           0.1         0.000    Jul 21 13:16:55         0     0.00
         0.01           0.1         0.010    Jul 21 13:16:55         0     0.00
         0.01           0.1         0.010    Jul 21 13:16:55         0     0.00
         0.01           0.1         0.000    Jul 21 13:16:55         0     0.00
         0.01           0.1         0.000    Jul 21 13:16:55         0     0.00
         0.01           0.1         0.010    Jul 21 13:16:55         0     0.00
         0.01           0.1         0.000    Jul 21 13:16:55         0     0.00
         0.01           0.1         0.000    Jul 21 13:16:55         0     0.00
         0.01           0.1         0.000    Jul 21 13:16:55         0     0.00
         0.02           0.1         0.010    Jul 21 13:16:55         0     0.00
         0.02           0.1         0.000    Jul 21 13:16:55         0     0.00
         0.02           0.1         0.000    Jul 21 13:16:55         0     0.00
         0.02           0.1         0.000    Jul 21 13:16:55         0     0.00
         0.02           0.1         0.000    Jul 21 13:16:55         0     0.00
         0.02           0.1         0.010    Jul 21 13:16:55         0     0.00
         0.02           0.1         0.000    Jul 21 13:16:55         0     0.00
         0.02           0.1         0.000    Jul 21 13:16:55         0     0.00
         0.02           0.1         0.000    Jul 21 13:16:55         0     0.00
         0.02           0.1         0.000    Jul 21 13:16:55         0     0.00
         0.02           0.1         0.000    Jul 21 13:16:55         0     0.00
         0.03           0.2         0.010    Jul 21 13:16:55         0     0.00
         0.03           0.2         0.000    Jul 21 13:16:55         0     0.00
         0.03           0.2         0.000    Jul 21 13:16:55         0     0.00
         0.03           0.2         0.000    Jul 21 13:16:55         0     0.00
         0.03           0.2         0.000    Jul 21 13:16:55         0     0.00
         0.03           0.2         0.000    Jul 21 13:16:55         0     0.00
         0.03           0.2         0.000    Jul 21 13:16:55         0     0.00
         0.03           0.2         0.000    Jul 21 13:16:55         0     0.00
         0.03           0.2         0.000    Jul 21 13:16:55         0     0.00
         0.03           0.2         0.010    Jul 21 13:16:55         0     0.00
         0.04           0.2         0.000    Jul 21 13:16:55         0     0.00
         0.04           0.2         0.000    Jul 21 13:16:55         0     0.00
         0.04           0.2         0.000    Jul 21 13:16:55         0     0.00
         0.04           0.2         0.000    Jul 21 13:16:55         0     0.00
         0.04           0.2         0.010    Jul 21 13:16:55         0     0.00
         0.04           0.2         0.000    Jul 21 13:16:55         0     0.00
         0.04           0.2         0.000    Jul 21 13:16:55         0     0.00
         0.04           0.2         0.000    Jul 21 13:16:55         0     0.00
         0.04           0.2         0.000    Jul 21 13:16:55         0     0.00
         0.04           0.2         0.000    Jul 21 13:16:55         0     0.00
         0.05           0.2         0.000    Jul 21 13:16:55         0     0.00
         0.05           0.2         0.010    Jul 21 13:16:55         0     0.00
         0.05           0.2         0.000    Jul 21 13:16:55         0     0.00
         0.05           0.2         0.000    Jul 21 13:16:55         0     0.00
         0.05           0.2         0.000    Jul 21 13:16:55         0     0.00
         0.05           0.2         0.000    Jul 21 13:16:55         0     0.00
         0.05           0.2         0.000    Jul 21 13:16:55         0     0.00
         0.05           0.2         0.000    Jul 21 13:16:55         0     0.00
         0.05           0.2         0.010    Jul 21 13:16:55         0     0.00
         0.05           0.2         0.000    Jul 21 13:16:55         0     0.00
         0.06           0.2         0.010    Jul 21 13:16:55         0     0.00
         0.06           0.2         0.000    Jul 21 13:16:55         0     0.00
         0.06           0.2         0.000    Jul 21 13:16:55         0     0.00
         0.06           0.2         0.000    Jul 21 13:16:55         0     0.00
         0.06           0.2         0.000    Jul 21 13:16:55         0     0.00
         0.06           0.2         0.000    Jul 21 13:16:55         0     0.00
         0.06           0.2         0.010    Jul 21 13:16:55         0     0.00
         0.06           0.2         0.000    Jul 21 13:16:55         0     0.00
         0.06           0.2         0.000    Jul 21 13:16:55         0     0.00
         0.06           0.2         0.000    Jul 21 13:16:55         0     0.00
         0.07           0.2         0.000    Jul 21 13:16:55         0     0.00
         0.07           0.2         0.000    Jul 21 13:16:55         0     0.00
         0.07           0.2         0.000    Jul 21 13:16:55         0     0.00
         0.07           0.2         0.000    Jul 21 13:16:55         0     0.00
         0.07           0.2         0.010    Jul 21 13:16:55         0     0.00
         0.07           0.2         0.000    Jul 21 13:16:55         0     0.00
         0.07           0.2         0.000    Jul 21 13:16:55         0     0.00
         0.07           0.2         0.000    Jul 21 13:16:55         0     0.00
         0.07           0.2         0.000    Jul 21 13:16:55         0     0.00
         0.07           0.2         0.010    Jul 21 13:16:55         0     0.00
         0.08           0.2         0.000    Jul 21 13:16:55         0     0.00
         0.08           0.2         0.000    Jul 21 13:16:55         0     0.00
         0.08           0.2         0.000    Jul 21 13:16:55         0     0.00
         0.08           0.2         0.000    Jul 21 13:16:55         0     0.00
         0.08           0.2         0.000    Jul 21 13:16:55         0     0.00
         0.08           0.2         0.010    Jul 21 13:16:55         0     0.00
         0.08           0.2         0.000    Jul 21 13:16:55         0     0.00
         0.08           0.2         0.000    Jul 21 13:16:55         0     0.00
         0.08           0.2         0.000    Jul 21 13:16:55         0     0.00
         0.08           0.2         0.000    Jul 21 13:16:55         0     0.00
         0.09           0.2         0.000    Jul 21 13:16:55         0     0.00
         0.09           0.2         0.000    Jul 21 13:16:55         0     0.00
         0.09           0.2         0.000    Jul 21 13:16:55         0     0.00
         0.09           0.3         0.010    Jul 21 13:16:55         0     0.00
         0.09           0.3         0.000    Jul 21 13:16:55         0     0.00
         0.09           0.3         0.000    Jul 21 13:16:55         0     0.00
         0.09           0.3         0.000    Jul 21 13:16:55         0     0.00
         0.09           0.3         0.000    Jul 21 13:16:55         0     0.00
         0.09           0.3         0.000    Jul 21 13:16:55         0     0.00
         0.09           0.3         0.010    Jul 21 13:16:55         0     0.00
         0.10           0.3         0.000    Jul 21 13:16:55         0     0.00
         0.10           0.3         0.000    Jul 21 13:16:55         0     0.00
         0.10           0.3         0.000    Jul 21 13:16:55         0     0.00
         0.10           0.3         0.000    Jul 21 13:16:55         0     0.00
         0.10           0.3         0.010    Jul 21 13:16:55         0     0.00
